threshold	order	size
150	19169	6710139
151	19169	6616840
152	19169	6531610
153	19169	6448512
154	19169	6368210
155	19169	6282407
156	19169	6201017
157	19169	6115433
158	19169	6039772
159	19169	5957725
160	19169	5877800
161	19169	5812472
162	19168	5724484
163	19168	5654443
164	19168	5559666
165	19168	5497971
166	19168	5393620
167	19168	5331554
168	19168	5254521
169	19168	5200362
170	19168	5137533
171	19168	5082436
172	19168	5026235
173	19168	4969629
174	19168	4907331
175	19168	4858169
176	19168	4794306
177	19168	4747496
178	19168	4687663
179	19168	4641998
180	19168	4577096
181	19168	4533325
182	19167	4471210
183	19167	4428483
184	19167	4369734
185	19166	4329726
186	19166	4281434
187	19166	4232142
188	19166	4185276
189	19166	4139794
190	19166	4094093
191	19166	4051924
192	19165	4010763
193	19165	3968367
194	19165	3926438
195	19165	3885615
196	19165	3845573
197	19165	3806732
198	19165	3767749
199	19165	3730003
200	19165	3692284
201	19165	3652947
202	19165	3611614
203	19165	3571417
204	19165	3531729
205	19165	3493595
206	19165	3459032
207	19165	3426881
208	19165	3396618
209	19165	3364358
210	19164	3333506
211	19164	3301978
212	19164	3270264
213	19164	3240493
214	19164	3208568
215	19164	3178881
216	19164	3151658
217	19163	3123567
218	19163	3096431
219	19163	3070307
220	19163	3044448
221	19163	3012517
222	19163	2986299
223	19162	2955759
224	19162	2927861
225	19161	2896477
226	19161	2872098
227	19161	2846921
228	19161	2824230
229	19161	2800449
230	19161	2776751
231	19161	2753926
232	19161	2730975
233	19161	2709818
234	19161	2690758
235	19161	2670461
236	19161	2649613
237	19161	2630110
238	19161	2608621
239	19161	2588745
240	19161	2569095
241	19161	2548689
242	19161	2529452
243	19161	2510586
244	19160	2490169
245	19160	2468369
246	19160	2447066
247	19160	2425380
248	19160	2409951
249	19160	2384089
250	19160	2367492
251	19160	2346171
252	19160	2330091
253	19158	2308335
254	19158	2293098
255	19158	2272700
256	19158	2257192
257	19157	2236902
258	19157	2221895
259	19156	2202951
260	19156	2188487
261	19154	2172724
262	19154	2158190
263	19154	2144197
264	19154	2129455
265	19153	2115209
266	19153	2101729
267	19153	2087958
268	19152	2074318
269	19152	2061268
270	19152	2046535
271	19152	2030636
272	19152	2016634
273	19152	2003062
274	19152	1989872
275	19152	1977318
276	19152	1964646
277	19152	1952109
278	19151	1939797
279	19151	1927563
280	19151	1915673
281	19151	1904145
282	19151	1893507
283	19151	1882232
284	19151	1872560
285	19150	1861214
286	19150	1851526
287	19150	1840269
288	19150	1830947
289	19150	1819491
290	19150	1810245
291	19150	1796484
292	19150	1787636
293	19147	1750956
294	19147	1740100
295	19147	1726372
296	19147	1715516
297	19147	1704130
298	19147	1688309
299	19147	1677918
300	19147	1667455
301	19147	1655474
302	19147	1643832
303	19147	1632879
304	19147	1619832
305	19147	1609224
306	19146	1596123
307	19146	1584123
308	19146	1572314
309	19145	1561517
310	19145	1550132
311	19145	1541229
312	19145	1527776
313	19143	1519099
314	19143	1508777
315	19143	1499694
316	19143	1489510
317	19142	1480468
318	19142	1469748
319	19142	1461305
320	19142	1451412
321	19142	1443379
322	19141	1430905
323	19141	1423115
324	19141	1411371
325	19141	1403199
326	19140	1393602
327	19140	1385178
328	19140	1376963
329	19139	1368819
330	19139	1360159
331	19139	1351599
332	19139	1343693
333	19139	1336293
334	19138	1328749
335	19138	1321254
336	19137	1313821
337	19136	1304905
338	19136	1296648
339	19135	1289334
340	19135	1282114
341	19135	1275336
342	19135	1268233
343	19135	1261296
344	19135	1254382
345	19135	1248228
346	19135	1241464
347	19135	1235507
348	19134	1224858
349	19134	1218837
350	19132	1208949
351	19132	1202769
352	19132	1194355
353	19132	1188183
354	19131	1177387
355	19131	1170444
356	19130	1163753
357	19130	1157106
358	19130	1150435
359	19130	1143580
360	19130	1137031
361	19130	1130195
362	19129	1124186
363	19129	1118010
364	19129	1111782
365	19129	1105830
366	19129	1099030
367	19128	1093107
368	19127	1086899
369	19126	1080710
370	19126	1074780
371	19126	1066489
372	19124	1059781
373	19124	1054135
374	19124	1048262
375	19124	1042362
376	19124	1036345
377	19124	1030600
378	19124	1024838
379	19124	1019418
380	19124	1013575
381	19123	1008110
382	19123	1002960
383	19123	997340
384	19121	992619
385	19120	987404
386	19119	982720
387	19119	977176
388	19119	972642
389	19118	967516
390	19117	963096
391	19117	957483
392	19117	953186
393	19116	947248
394	19116	943091
395	19115	937583
396	19115	933308
397	19114	927347
398	19113	923285
399	19112	917291
400	19112	913180
401	19109	902462
402	19109	897864
403	19109	893285
404	19109	888597
405	19108	884055
406	19107	878934
407	19106	874351
408	19106	869930
409	19106	865194
410	19106	860777
411	19105	856064
412	19105	851873
413	19104	847430
414	19104	843356
415	19104	839190
416	19102	835203
417	19098	830160
418	19097	826485
419	19093	820286
420	19093	816514
421	19091	811161
422	19089	807253
423	19089	802452
424	19089	798673
425	19088	794035
426	19088	790190
427	19085	785844
428	19085	782071
429	19083	778225
430	19080	774218
431	19077	770258
432	19076	766260
433	19073	762056
434	19073	757915
435	19070	754098
436	19068	750183
437	19067	746485
438	19065	742758
439	19065	739178
440	19065	735696
441	19064	732312
442	19061	729052
443	19058	725748
444	19057	722518
445	19057	719089
446	19056	715523
447	19050	711536
448	19043	706810
449	19041	702791
450	19039	699469
451	19038	696185
452	19038	692851
453	19034	689566
454	19032	686384
455	19032	683366
456	19032	680350
457	19029	677336
458	19025	674182
459	19023	671536
460	19023	668547
461	19020	665776
462	19019	662771
463	19016	660094
464	19015	657212
465	19012	654578
466	19010	651883
467	19008	649358
468	19004	646781
469	19000	644140
470	18997	641314
471	18996	638656
472	18992	636057
473	18987	633432
474	18981	630765
475	18978	627951
476	18974	624914
477	18969	622104
478	18964	619473
479	18960	616450
480	18951	613208
481	18944	610197
482	18939	607803
483	18936	605373
484	18932	602817
485	18927	600617
486	18927	598401
487	18923	596082
488	18920	593710
489	18919	591557
490	18912	588772
491	18907	586663
492	18904	584146
493	18899	582024
494	18897	579616
495	18894	577658
496	18886	575243
497	18883	573057
498	18878	570699
499	18875	568776
500	18873	559393
501	18871	556779
502	18867	553851
503	18862	551529
504	18856	548765
505	18852	545648
506	18844	542878
507	18829	539844
508	18791	535669
509	18783	532976
510	18777	530232
511	18770	527434
512	18761	524588
513	18751	522175
514	18746	519429
515	18740	516494
516	18732	514126
517	18725	511561
518	18720	509003
519	18711	506493
520	18702	504162
521	18694	501711
522	18690	499303
523	18671	496899
524	18666	494641
525	18659	492536
526	18645	490348
527	18634	487905
528	18628	485745
529	18621	483602
530	18614	481357
531	18603	479181
532	18593	477071
533	18581	474890
534	18570	472895
535	18557	470808
536	18550	468679
537	18540	466799
538	18525	464879
539	18516	462945
540	18511	461014
541	18489	457492
542	18476	455164
543	18455	453021
544	18442	450643
545	18429	448291
546	18415	446078
547	18405	444146
548	18389	442058
549	18382	440069
550	18372	438007
551	18358	436038
552	18349	434066
553	18344	432202
554	18336	430342
555	18325	428421
556	18314	426601
557	18308	424835
558	18301	423159
559	18292	421369
560	18283	419593
561	18269	417714
562	18259	416060
563	18251	414354
564	18244	412661
565	18234	410932
566	18229	409270
567	18218	407717
568	18203	406169
569	18196	404570
570	18181	403039
571	18161	401233
572	18135	399160
573	18119	397443
574	18103	395782
575	18088	394125
576	18074	392388
577	18054	390803
578	18048	389181
579	18031	387587
580	18022	385982
581	18008	384038
582	17988	382140
583	17970	380356
584	17952	378604
585	17936	376930
586	17920	375464
587	17913	374003
588	17903	372442
589	17891	370808
590	17878	369284
591	17859	367796
592	17832	366026
593	17820	364580
594	17807	363034
595	17782	361374
596	17766	359887
597	17751	358369
598	17741	356937
599	17729	355449
600	17713	353878
601	17696	352427
602	17679	351037
603	17664	349497
604	17651	348015
605	17637	346561
606	17614	345149
607	17590	343700
608	17579	342295
609	17555	340828
610	17531	339311
611	17510	337850
612	17493	336568
613	17479	335202
614	17466	333864
615	17453	332588
616	17433	331369
617	17422	330127
618	17411	328944
619	17395	327656
620	17381	326410
621	17356	325079
622	17336	323655
623	17321	322323
624	17304	321048
625	17290	319750
626	17268	318550
627	17253	317186
628	17238	315961
629	17214	314721
630	17195	313531
631	17179	312265
632	17161	311071
633	17146	309973
634	17132	308858
635	17117	307718
636	17110	306599
637	17093	305471
638	17078	304390
639	17068	303293
640	17046	302180
641	17039	301109
642	17017	300032
643	17005	298996
644	16992	297823
645	16975	296718
646	16963	295652
647	16947	294553
648	16934	293497
649	16924	292506
650	16909	291440
651	16888	287650
652	16865	286432
653	16849	285176
654	16837	284056
655	16820	282791
656	16793	281494
657	16781	280317
658	16763	279293
659	16743	278106
660	16730	276866
661	16716	275662
662	16705	274497
663	16688	273370
664	16677	272178
665	16654	270991
666	16636	269887
667	16621	268739
668	16606	267613
669	16589	266436
670	16573	265286
671	16551	263490
672	16535	262343
673	16513	261244
674	16505	260145
675	16495	259073
676	16474	258021
677	16461	256997
678	16447	255908
679	16428	254330
680	16412	252895
681	16394	251890
682	16383	250846
683	16369	249528
684	16353	248446
685	16338	247354
686	16328	246264
687	16265	245207
688	16242	244204
689	16226	243297
690	16212	242252
691	16160	241255
692	16127	240290
693	16103	239366
694	16086	238435
695	16072	237536
696	16043	236604
697	16020	235705
698	15989	234705
699	15970	233799
700	15953	232903
701	15937	231984
702	15920	231028
703	15908	230143
704	15891	229263
705	15881	228424
706	15867	227598
707	15849	226733
708	15835	225950
709	15822	225115
710	15809	224275
711	15797	223444
712	15777	222574
713	15764	221688
714	15747	220840
715	15729	220069
716	15714	219171
717	15696	218256
718	15684	217385
719	15668	216521
720	15654	215741
721	15627	214250
722	15611	213484
723	15596	212641
724	15581	211845
725	15568	211025
726	15555	210186
727	15537	209312
728	15530	208447
729	15516	207560
730	15495	206799
731	15484	206048
732	15462	205265
733	15450	204531
734	15440	203775
735	15426	202978
736	15406	202219
737	15397	201525
738	15373	200743
739	15359	200013
740	15347	199284
741	15334	198603
742	15321	197882
743	15304	197186
744	15293	196477
745	15284	195779
746	15271	195091
747	15256	194374
748	15246	193703
749	15228	192980
750	15217	192327
751	15203	191579
752	15180	190916
753	15163	190188
754	15150	189538
755	15138	188861
756	15129	188177
757	15114	187485
758	15099	186825
759	15076	186172
760	15056	185531
761	15047	184890
762	15026	184198
763	15012	183504
764	14995	182838
765	14974	182235
766	14963	181571
767	14948	180902
768	14932	180258
769	14917	179610
770	14898	178920
771	14870	178219
772	14854	177531
773	14836	176848
774	14824	176143
775	14803	175416
776	14784	174778
777	14760	174097
778	14731	173449
779	14713	172825
780	14687	172186
781	14669	171549
782	14642	170885
783	14616	170229
784	14598	169547
785	14576	168899
786	14551	168229
787	14529	167465
788	14511	166867
789	14498	166251
790	14475	165674
791	14448	165063
792	14420	164423
793	14398	163778
794	14380	163196
795	14359	162603
796	14336	161992
797	14318	161412
798	14309	160844
799	14289	160261
800	14277	159656
801	14261	158214
802	14240	157340
803	14219	156553
804	14202	155803
805	14186	155105
806	14171	154235
807	14147	153415
808	14123	152690
809	14103	151914
810	14091	151189
811	14066	150480
812	14055	149740
813	14035	148991
814	14014	148300
815	14002	147649
816	13977	146986
817	13960	146263
818	13936	145492
819	13917	144816
820	13904	144102
821	13883	143345
822	13860	142663
823	13837	142005
824	13824	141318
825	13811	140636
826	13778	139973
827	13759	139366
828	13738	138701
829	13723	138014
830	13700	137297
831	13687	136704
832	13658	136051
833	13634	135429
834	13615	134817
835	13598	134209
836	13581	133594
837	13563	132953
838	13547	132351
839	13528	131775
840	13497	131190
841	13471	130487
842	13454	129861
843	13431	129303
844	13411	128743
845	13392	128148
846	13377	127572
847	13357	127020
848	13338	126404
849	13321	125792
850	13298	125228
851	13271	124678
852	13256	124178
853	13241	123593
854	13217	123036
855	13200	122446
856	13178	121862
857	13152	121277
858	13129	120682
859	13113	120125
860	13092	119615
861	13072	119048
862	13053	118425
863	13029	117868
864	13010	117357
865	12988	116769
866	12974	116235
867	12955	115736
868	12931	115206
869	12903	114687
870	12880	114179
871	12851	113640
872	12835	113143
873	12814	112661
874	12799	112170
875	12777	111647
876	12758	111134
877	12742	110607
878	12723	110110
879	12700	109622
880	12679	109156
881	12652	108654
882	12628	108172
883	12610	107657
884	12590	107167
885	12564	106703
886	12536	106215
887	12513	105712
888	12488	105236
889	12471	104735
890	12451	104265
891	12427	103738
892	12404	103233
893	12373	102761
894	12342	102343
895	12309	101903
896	12285	101475
897	12262	100988
898	12243	100535
899	12213	100036
900	12181	99589
901	12135	97748
902	12110	96814
903	12076	95838
904	12045	94814
905	12010	93903
906	11961	92937
907	11932	91963
908	11903	90977
909	11888	90052
910	11854	89097
911	11821	88155
912	11782	87205
913	11742	86312
914	11707	85418
915	11678	84495
916	11644	83535
917	11612	82685
918	11583	81829
919	11548	81001
920	11517	80170
921	11478	79407
922	11448	78575
923	11408	77747
924	11377	76934
925	11338	76145
926	11297	75352
927	11248	74597
928	11216	73816
929	11164	73051
930	11131	72305
931	11088	71615
932	11051	70860
933	11013	70059
934	10986	69413
935	10941	68693
936	10904	67981
937	10854	67227
938	10825	66470
939	10793	65734
940	10771	65008
941	10732	64256
942	10686	63562
943	10639	62800
944	10588	62061
945	10546	61414
946	10517	60737
947	10455	59984
948	10421	59305
949	10380	58657
950	10334	57990
951	10292	57308
952	10236	56626
953	10163	55930
954	10104	55225
955	10048	54622
956	9989	53995
957	9931	53324
958	9881	52716
959	9820	52031
960	9769	51338
961	9711	50661
962	9637	49960
963	9586	49300
964	9536	48615
965	9491	47886
966	9432	47206
967	9370	46532
968	9304	45878
969	9241	45189
970	9170	44466
971	9096	43764
972	9049	43032
973	8960	42242
974	8879	41510
975	8818	40801
976	8740	40032
977	8665	39307
978	8592	38593
979	8493	37835
980	8388	36984
981	8295	36167
982	8202	35313
983	8109	34489
984	8005	33686
985	7897	32916
986	7802	32089
987	7690	31224
988	7572	30372
989	7461	29512
990	7292	28573
991	7140	27644
992	6976	26605
993	6800	25452
994	6621	24241
995	6412	22678
996	6157	21010
997	5854	19257
998	5494	17122
999	4910	14053
